#超参设置
lr0: 0.00823
lrf: 0.00771
momentum: 0.98
weight_decay: 0.00052
warmup_epochs: 5.0
warmup_momentum: 0.86909
box: 4.5016
cls: 1.68088
dfl: 2.07392
label_smoothing: 0.00
nbs: 64
hsv_h: 0.03567
hsv_s: 0.88794
hsv_v: 0.82435
degrees: 0.0
translate: 0.19686
scale: 0.61706
shear: 0.0686
perspective: 0.0
flipud: 0.17425
fliplr: 0.23247
bgr: 0.01002
mosaic: 0.41233
mixup: 0.15241
copy_paste: 0.96021
erasing: 0.2
bgr: 0.08
auto_augment: albumentations
patience: 50